f(x,y) = -1.03156791774816
x = -0.0911870394326717
y = 0.710177446114913
