f(x,y) = -1.03154367905209
x = 0.0928656792234959
y = -0.715292684368461
